   0.0000000000000000        0.0000000000000000     
   1.0000000000000000        0.0000000000000000     
 -0.39999997615814209       0.30000001192092896     
   1.0760000424385059      -0.11999999761581392     
 -0.74088649787101390       0.32280002555847181     
  0.55432211482696658      -0.22226595819335948     
  0.34755183935186285       0.16629664105612452     
  0.99718745048442858       0.10426555594869964     
 -0.28787035630845520       0.29915624703272931     
   1.1831391701508687       -8.6361110324218629E-002
  -1.0461066912733501       0.35494176514937859     
 -0.17713310209716815      -0.31383201985256859     
  0.64224139069350472       -5.3139932740741573E-002
  0.36939647160550726       0.19267242486416541     
   1.0016371735890388       0.11081894588520128     
 -0.29376886871642405       0.30049116401715725     
   1.1796709585570144       -8.8130664116925023E-002
  -1.0364036295859891       0.35390130162987804     
 -0.14988414954742474      -0.31092110123069078     
  0.65762753770514593       -4.4965246650985717E-002
  0.34957119397261111       0.19728826915107495     
   1.0262082445469387       0.10487136235899670     
 -0.36947331817961598       0.30786248559743717     
   1.1167477428667838      -0.11084199985834997     
 -0.85681769980183942       0.33502433617270566     
  0.30723315470468449      -0.25704532015461473     
  0.61080558620616143        9.2169950073909962E-002
  0.56985310917199938       0.18324168314321843     
  0.72861609843925357       0.17095593954477825     
  0.42772196573520149       0.21858483821755681     
  0.96246033061799241       0.12831659481940361     
 -0.16854522631378432       0.28873811065881894     
   1.2489676206976756       -5.0563569903350966E-002
  -1.2344516972836550       0.37469030109815699     
 -0.75872905266702273      -0.37033552390090746     
 -0.17627319568126726      -0.22761872484486195     
  0.72888014057399708       -5.2881960805720420E-002
  0.20334528880821665       0.21866405086112750     
   1.1607750227742759        6.1003589066529737E-002
 -0.82535449370425207       0.34823252066979937     
  0.39453848052218909      -0.24760635795026789     
  0.53446878810310938       0.11836154885992192     
  0.71844191603154373       0.16034064280229726     
  0.43771835371297568       0.21553258337395817     
  0.94729628789391840       0.13131551133190211     
 -0.12500282715376032       0.28418889766082728     
   1.2623129085183671       -3.7500849636277915E-002
  -1.2683082422627932       0.37869388760345263     
 -0.87335419039282680      -0.38049248779825040     
 -0.44833902824032601      -0.26200626752904127     
  0.45658269932248835      -0.13450171381671550     
  0.57364342530468959       0.13697481523963642     
  0.67628133193178397       0.17209303442976939     
  0.53179402944679777       0.20288440764143689     
  0.80695756872666458       0.15953821517351818     
  0.24788550588352221       0.24208728023768322     
   1.1560611680647175        7.4365654720082164E-002
 -0.79670270744583549       0.34681836420073830     
  0.45818909366187055      -0.23901082173118701     
  0.46707703950314605       0.13745673356060079     
  0.83203139359853062       0.14012311741893602     
  0.17093639801716964       0.24960942799814631     
   1.2087024756608695        5.1280921442871552E-002
 -0.99406538826128843       0.36261075710711721     
  -2.0821613927861971E-002 -0.29821962832856941     
  0.70117341623258167       -6.2464844265715715E-003
  0.30545170381136172       0.21035203322841298     
   1.0797309947471065        9.1635514784676575E-002
 -0.54051108684463878       0.32391931129552842     
  0.91490618925821876      -0.16215333249678590     
 -0.33402798174007309       0.27447186768399728     
   1.1182673007246600      -0.10020839850394576     
 -0.85093882690720768       0.33548020354818303     
  0.32174457881849744      -0.25528165821614363     
  0.59979094065322602        9.6523377481043504E-002
  0.59287454457257782       0.17993728934603301     
  0.68783698188345321       0.17786237043938868     
  0.51549478261428860       0.20635110276469176     
  0.83432228983673107       0.15464844092946325     
  0.18011730087986119       0.25029669689691608     
   1.2048775587636544        5.4035192411123902E-002
 -0.97838667723410644       0.36146328199235611     
   2.1326618549874055E-002 -0.29351601483350998     
  0.70584723065505328        6.3979858191953211E-003
  0.30888955946492208       0.21175417761087068     
   1.0781763159606812        9.2666871521727118E-002
 -0.53478293638093266       0.32345290764106760     
  0.92306300979776934      -0.16043488728938918     
 -0.35329831505472920       0.27691891394309937     
   1.1021713377303179      -0.10598949872806288     
 -0.80668379056534512       0.33065141445800161     
  0.41961719682759913      -0.24200514678602369     
  0.51148482878918422       0.12588516405050654     
  0.75962174817383388       0.15344545473412957     
  0.34561018807334237       0.22788653350754706     
   1.0606615734152438       0.10368306054199720     
 -0.47132107528342265       0.31819848466864442     
   1.0071975115561091      -0.14139632820361184     
 -0.56162186221606081       0.30215926547356270     
  0.86057251042709004      -0.16848656535987255     
 -0.20530561168684675       0.25817176338695075     
   1.1991612125257400       -6.1591685953487636E-002
  -1.0747743107458758       0.35974837805283766     
 -0.25744734106146439      -0.32243230603607093     
  0.58477690875668165       -7.7234205387450780E-002
  0.44401615654457854       0.17543307959808849     
  0.89942259811685155       0.13320485225645862     
   6.5945753901752724E-004  0.26982679015700833     
   1.2698261813190745        1.9783726956660463E-004
  -1.2572440673551628       0.38094786953323007     
 -0.83197979564049018      -0.37717323519406604     
 -0.34623975118654987      -0.24959394861011910     
  0.58257130282567615      -0.10387192948346444     
  0.42098302658179965       0.17477139779249395     
  0.92665400987994684       0.12629491299304865     
  -7.5867782171460812E-002  0.27799621401056068     
   1.2699379256275298       -2.2760335555852686E-002
  -1.2805995660310940       0.38098139282709875     
 -0.91492791600043499      -0.38417988507526468     
 -0.55611019318506871      -0.27447838570692118     
  0.29255965591630895      -0.16683306458487071     
  0.71333932427796465        8.7767900262475551E-002
  0.37537372420859577       0.21400180578705680     
   1.0167342031897808       0.11261212173738223     
 -0.33463566952647616       0.30502027307735047     
   1.1482468318999801      -0.10039070484711089     
 -0.94624977516799547       0.34447406325816293     
   9.0929992798216841E-002 -0.28387494383057499     
  0.70454948734015854        2.7278998923435036E-002
  0.33233303860250213       0.21136485460093193     
   1.0567415092686709        9.9699915542469181E-002
 -0.46368372220926557       0.31702246537794176     
   1.0160188385654281      -0.13910512219032037     
 -0.58431709002628462       0.30480566368151679     
  0.82680862544625877      -0.17529513397348789     
 -0.13235262203216019       0.24804259749020452     
   1.2235184947255444       -3.9705788187414263E-002
  -1.1355022622058593       0.36705556300314035     
 -0.43805594872046705      -0.34065069219799959     
  0.39069909248394252      -0.13141678983817395     
  0.65487912058629827       0.11720973240267889     
  0.51679641501582019       0.19646374398265695     
  0.82255380194782013       0.15503893066543942     
  0.20780628685837635       0.24676615038995148     
   1.1863093174185131        6.2341888534756890E-002
 -0.90791979314345594       0.35589280936746304     
  0.20184713792642583      -0.27237594876628413     
  0.67058487828036184        6.0554143784133138E-002
  0.43099644393583425       0.20117547147810325     
  0.94111436734744891       0.12929893831862826     
 -0.11067579396363225       0.28233432142319220     
   1.2651855377979617       -3.3202739508447952E-002
  -1.2741749244192828       0.37955567642157545     
 -0.89337471809708902      -0.38225249251513360     
 -0.49961821519558303      -0.26801242607898323     
  0.38252187453507436      -0.14988547051458814     
  0.64526235467706561       0.11475656692053840     
  0.53184766793867022       0.19357871409524638     
  0.79757200219067781       0.15955430672171933     
  0.26898478373820300       0.23927161016500251     
   1.1379776724542650        8.0695438328009392E-002
 -0.73229498700314410       0.34139331530203049     
  0.59063500090145959      -0.21968850483057975     
  0.29192191748083129       0.17719050731135577     
   1.0578847410751615        8.7576578724229831E-002
 -0.47919157015339320       0.31736543493351727     
  0.99589105513968934      -0.14375747675842662     
 -0.53227604430223718       0.29876732841385334     
  0.90212243289542371      -0.15968281963589606     
 -0.29903763773922021       0.27063674062276455     
   1.1454438304562728       -8.9711294886572493E-002
 -0.92656945982753813       0.34363316279163636     
  0.14168983382147549      -0.27797084899383012     
  0.69392273887311906        4.2506951835517087E-002
  0.36836668878081824       0.20817682993413938     
   1.0182052088046549       0.11051001102551859     
 -0.34092855038833303       0.30546157477934843     
   1.1427363904926957      -0.10227856918068494     
 -0.93046357946566394       0.34282093077028802     
  0.13075348961479566      -0.27913908493168943     
  0.69692585041089727        3.9226048443141759E-002
  0.35923816266393332       0.20907776343127274     
   1.0284048859882915       0.10777145308163261     
 -0.37289177503724968       0.30852147805602903     
   1.1138538951245951      -0.11186753695639126     
 -0.84880620693442710       0.33415618181555168     
  0.32549543129036890      -0.25464187219888662     
  0.59703194421982864        9.7648633267318583E-002
  0.59862264237920870       0.17910959038312399     
  0.67742090377013919       0.17958679984990061     
  0.53712809758025415       0.20322627920652822     
  0.79931705559080524       0.16113843567714214     
  0.26666759340819390       0.23979512620584340     
   1.1402388803775112        8.0000281201383611E-002
 -0.74020227385513548       0.34207167770596003     
  0.57501252206046172      -0.22206069098043937     
  0.31504415616575210       0.17250376347282195     
   1.0335498173713265        9.4513250605344629E-002
 -0.40100203890980446       0.31006495753227187     
   1.0849412720723570      -0.12030061645325815     
 -0.76823717777344325       0.32548239455521494     
  0.49921870278777497      -0.23047116249013380     
  0.42062180495336532       0.14976561678748318     
  0.90207383708253142       0.12618654650021224     
  -1.3045524667102931E-002  0.27062216187831756     
   1.2703839018829992       -3.9136575556456520E-003
  -1.2633389805067241       0.38111518570905600     
 -0.85332030777361023      -0.37900170921219145     
 -0.39841945857399896      -0.25599610250445382     
  0.52177061032159877      -0.11952584232172975     
  0.49933176645556349       0.15653118931647000     
  0.80746609707272654       0.14979953588916756     
  0.23699745434348812       0.24223983874756394     
   1.1636049293752972        7.1099239128276259E-002
 -0.82446773292349662       0.34908149268384087     
  0.39743564920545910      -0.24734032970547026     
  0.53152254069736204       0.11923069949943987     
  0.72370801045802080       0.15945676854545107     
  0.42620218287115297       0.21711241176467802     
  0.96280479513772099       0.12786065994207182     
 -0.16992962091295541       0.28884145001884387     
   1.2484149442182342       -5.0978888299605563E-002
  -1.2329346732675028       0.37452449814773608     
 -0.75365453757293199      -0.36988041667797750     
 -0.16507362994189539      -0.22609637025614179     
  0.73575460577046081       -4.9522090950399632E-002
  0.19260914607860399       0.22072639050201662     
   1.1687887949721281        5.7782746119661145E-002
 -0.85471136746411647       0.35063665242468661     
  0.32789253950058356      -0.25641342042818843     
  0.59306765769093506        9.8367765758958739E-002
  0.60594682890622054       0.17792030437719794     
  0.66388012988514389       0.18178405589531527     
  0.56475250880445826       0.19916404687961103     
  0.75264049980256020       0.16942575937371201     
  0.37637096215908833       0.22579215891294199     
   1.0274750206710817       0.11291129313441800     
 -0.36507556703987071       0.30824251844978123     
   1.1216502841181517      -0.10952267446400112     
 -0.87086174827583751       0.33649509860655885     
  0.27473485823416083      -0.26125853486423228     
  0.63307052767481098        8.2420460745342969E-002
  0.52133086008599294       0.18992116584923208     
  0.80942096037991051       0.15639926424054604     
  0.23917207231756085       0.24282629776302292     
   1.1627417068795083        7.1751624546421533E-002
 -0.82100393090404422       0.34882252592481378     
  0.40515610561150783      -0.24630118905834281     
  0.52388675697533671       0.12154683651328950     
  0.73730657526907240       0.15716603333781781     
  0.39609666598974053       0.22119198137010102     
   1.0015423887792481       0.11882900451876237     
 -0.28549299069607542       0.30046272857309009     
   1.1863539836851253       -8.5647900612164291E-002
  -1.0560579515040736       0.35590620924797917     
 -0.20545551987116079      -0.31681739804041387     
  0.62408584406225742       -6.1636658410568888E-002
  0.39308695381297243       0.18722576065836025     
  0.97090146978119440       0.11792609082985338     
 -0.20178341632822416       0.29127045250840577     
   1.2342672875320386       -6.0535027303913018E-002
  -1.1933170228832257       0.37028020097322423     
 -0.62332748901987767      -0.35799512109041515     
   9.8052866178076570E-002 -0.18699825413660601     
  0.79954163570058823        2.9415861022304222E-002
  0.13444231815733212       0.23986250024145550     
   1.2145578689962666        4.0332697049876957E-002
  -1.0248784117768401       0.36436737517753803     
 -0.10615866227625803      -0.30746353575055480     
  0.67675893831133638       -3.1847599948387283E-002
  0.32694868615324502       0.20302768956099615     
   1.0533740713813158        9.8084609743505566E-002
 -0.45535107176347095       0.31601223397159223     
   1.0257298009364744      -0.13660532695724906     
 -0.60957557621356584       0.30771895250859438     
  0.78750362500526760      -0.18287268013077690     
  -5.1099408499975574E-002  0.23625109688935506     
   1.2325954875829435       -1.5329823159145091E-002
  -1.1423380773501772       0.36977866096856626     
 -0.45713210406906768      -0.34270143682278426     
  0.36474090336058501      -0.13713963667015963     
  0.67661006928365020       0.10942227535622590     
  0.46850062607262039       0.20298302885091563     
  0.89569306280142036       0.14055019340674879     
   1.7377724683437457E-002  0.26870792951791950     
   1.2682851500838768        5.2133176121898581E-003
  -1.2467527547296506       0.38048556014430018     
 -0.79566380679245774      -0.37402584128134619     
 -0.26033907700277314      -0.23869915152278903     
  0.66641384107260904       -7.8101726204315589E-002
  0.30014791378162203       0.19992416026605478     
   1.0737998842074945        9.0044377712528573E-002
 -0.52422026265034805       0.32213997806294048     
  0.93741034733236728      -0.15726608504429693     
 -0.38749948709365178       0.28122311537451233     
   1.0710049254575262      -0.11624985074744940     
 -0.72212199389560316       0.32130149040463152     
  0.59125725914234473      -0.21663660677704594     
  0.29394419647378861       0.17737718479103920     
   1.0564127199541820        8.8183262446224472E-002
 -0.47422767977946551       0.31692382857967555     
   1.0020751847648948      -0.14226830958707412     
 -0.54808483193639834       0.30062256737513554     
  0.88006679833890766      -0.16442545611459985     
 -0.24875003500255594       0.26402004999288609     
   1.1773928395888569       -7.4625013466098275E-002
  -1.0153804386163860       0.35321786591227344     
  -9.0178518681558573E-002 -0.30461414368919387     
  0.68400082518045169       -2.7053556679479285E-002
  0.31794647408854959       0.20520025570806075     
   1.0636743135787561        9.5383946016782212E-002
 -0.48858029052260021       0.31910230675361273     
  0.98490733204291159      -0.14657409298111099     
 -0.50463350365013726       0.29547221135388380     
  0.93895525521663314      -0.15139005711074133     
 -0.38568179590938362       0.28168658775820882     
   1.0734359645304534      -0.11570454337050037     
 -0.72887519382476240       0.32203080215548990     
  0.57826814737937360      -0.21866256683629812     
  0.31318577075327514       0.17348045110730559     
   1.0361609956425899        9.3955734959447867E-002
 -0.40912569189068815       0.31084831104477856     
   1.0765109505644721      -0.12273771244436475     
 -0.74516384217392440       0.32295329800235217     
  0.54557649888423299      -0.22354916153522253     
  0.35973564297270655       0.16367295616904859     
  0.98249933329943584       0.10792069718019501     
 -0.24350619571251211       0.29474981170213549     
   1.2117364388253125       -7.3051861616573691E-002
  -1.1286791026573200       0.36352094609261776     
 -0.41996214702031198      -0.33860374425209938     
  0.41448077305097208      -0.12598864911243252     
  0.63349931926295899       0.12434423685628747     
  0.56249430391524957       0.19004980333078808     
  0.74709003216240655       0.16874829788002951     
  0.38734738856821205       0.22412701855472916     
   1.0140738229290549       0.11620422118800432     
 -0.32347975998425071       0.30422215896741844     
   1.1577273442949545       -9.7043931851454449E-002
 -0.97350954511498244       0.34731821708967175     
   2.0509071483125252E-002 -0.29205287513963285     
  0.70735825405205566        6.1527216894247594E-003
  0.30565475421303284       0.21220748464798420     
   1.0814127265931643        9.1696429907598465E-002
 -0.54553842154318444       0.32442383086939358     
  0.90776680083325978      -0.16366153296628011     
 -0.31731830389269372       0.27233005107140146     
   1.1313627850925894       -9.5195494950537071E-002
 -0.88716991652283872       0.33940884901467216     
  0.23751022268349742      -0.26615098553274114     
  0.65487346758137410        7.1253069636391719E-002
  0.47085011790231895       0.19646204808111231     
  0.88608228642676956       0.14125504098366648     
   4.2056514055897831E-002  0.26582469649095486     
   1.2633484460087776        1.2616954718122065E-002
  -1.2218520216750079       0.37900454886292034     
 -0.71108672356286262      -0.36655562106811351     
  -7.4457668810927025E-002 -0.21332602554567309     
  0.77891245236384399       -2.2337301530882689E-002
  0.12827626110764184       0.23367374499451321     
   1.2106370265575679        3.8482879861464751E-002
  -1.0134158992959157       0.36319112239918833     
  -7.4625352038992177E-002 -0.30402478186963366     
  0.68817869782941932       -2.2387606501301172E-002
  0.31458651658528908       0.20645361755255515     
   1.0679030729278840        9.4375958725750234E-002
 -0.50220777652093496       0.32037093460876187     
  0.96727322950463812      -0.15066233894306372     
 -0.46052681735906931       0.29018198038218690     
  0.99326305612906307      -0.13815805069762827     
 -0.51935812531511560       0.29797892867933723     
  0.92035292784710587      -0.15580744378576600     
 -0.34167674010596799       0.27610588932559360     
   1.1126656994877457      -0.10250302610489455     
 -0.83573793893125592       0.33379972311033246     
  0.35595867616617749      -0.25072139164214935     
  0.57188940058560223       0.10678760709321133     
  0.64890713378784626       0.17156682699313358     
  0.58205418143941334       0.19467214787192971     
  0.72037025776569519       0.17461626137045055     
  0.44810964216000498       0.21611108591719122     
  0.93498793874921515       0.13443289798988470     
  -8.9450505016613308E-002  0.28049639277068933     
   1.2692944429746393       -2.6835152571317109E-002
  -1.2823868503123199       0.38078834802356065     
 -0.92153406016365513      -0.38471607038093852     
 -0.57363108379223182      -0.27646022903463863     
  0.26286611040087660      -0.17208933197588494     
  0.73117264087535372        7.8859836253871204E-002
  0.33040104592955416       0.21935180097886323     
   1.0665210119696755        9.9120317717553641E-002
 -0.49333355172506727       0.31995631630482385     
  0.97922713154666985      -0.14800007139851440     
 -0.49044013375686274       0.29376815113729804     
  0.95702402215278726      -0.14713204597356080     
 -0.42938499470542091       0.28710721805445155     
   1.0289871593007660      -0.12881550353029428     
 -0.61115588189439185       0.30869616005671263     
  0.78578005219816438      -0.18334677185386342     
  -4.7777163738271261E-002  0.23573402502667748     
   1.2325383047562772       -1.4333149691029553E-002
  -1.1411440552397236       0.36976150611988473     
 -0.45333211956556102      -0.34234323017541429     
  0.36994275984260044      -0.13599964127380829     
  0.67239965820518832       0.11098283236284150     
  0.47801302264601758       0.20171990547718505     
  0.88182488117810998       0.14340391249216455     
   5.4742761541250906E-002  0.26454747486560476     
   1.2603519970194261        1.6422829114959844E-002
  -1.2074591519597528       0.37810561413039445     
 -0.66303499622109929      -0.36223775998196062     
   2.2300681799809041E-002 -0.19891050677032288     
  0.80039324466930328        6.6902048057875555E-003
  0.10980913552242413       0.24011798294222200     
   1.2232367184878532        3.2942741965754141E-002
  -1.0618885195991854       0.36697103012847399     
 -0.21167906226644384      -0.31856656853845322     
  0.61870219696705198       -6.3503721203344216E-002
  0.40058691597853846       0.18561066646562052     
  0.96095284213704524       0.12017607956892970     
 -0.17262640915054564       0.28828586409656415     
   1.2465660368163525       -5.1787924803030849E-002
  -1.2272855255561661       0.37396982590513089     
 -0.73475180391909789      -0.36818567229723337     
 -0.12398995813327868      -0.22042554993465341     
  0.75805153682683057       -3.7196988918059087E-002
  0.15830403930274942       0.22741547008472768     
   1.1923312342788157        4.7491213677956029E-002
 -0.94282403355875843       0.35769938449734062     
  0.11321538413236776      -0.28284722130696588     
  0.69920796651269712        3.3964616589342876E-002
  0.34951613563668188       0.20976239828901763     
   1.0387362605030162       0.10485484485756158     
 -0.40570735585502271       0.31162089053360603     
   1.0811830524251154      -0.12171221159291538     
 -0.75825169371461942       0.32435492861624099     
  0.51943105889448837      -0.22747551715345041     
  0.39479241435733936       0.15582932386044726     
  0.93762385696872830       0.11843772901349413     
 -0.11235614604589063       0.28128716826796585     
   1.2636137035929433       -3.3706845153156827E-002
  -1.2691142357554202       0.37908412614133219     
 -0.87582715621364660      -0.38073428585564667     
 -0.45463675815299293      -0.26274815730476730     
  0.44787943301380739      -0.13639103286559037     
  0.58277459079351313       0.13436383524328113     
  0.65888713019623590       0.17483238418526842     
  0.56704724406226381       0.19766614691341744     
  0.74750654678153794       0.17011417997840905     
  0.38784174082666623       0.22425197294543381     
   1.0136622742333126       0.11635252687143370     
 -0.32216313731618207       0.30409869435378972     
   1.1587939749647471       -9.6648945035338496E-002
 -0.97657378000084760       0.34763820630332476     
   1.2463342142016165E-002 -0.29297214564192092     
  0.70681038550549391        3.7390027911794656E-003
  0.30432572522032186       0.21204312407748457     
   1.0823833204423530        9.1297721193941903E-002
 -0.54887736419458100       0.32471500903572054     
  0.90294211092320320      -0.16466321580150237     
 -0.30608943431295976       0.27088264404086970     
   1.1397156077573922       -9.1826833942758326E-002
 -0.91035913616545994       0.34191469591368645     
  0.18165945615282436      -0.27310775170196455     
  0.68069202787118466        5.4497839011396779E-002
  0.40581955852798240       0.20420761647583671     
  0.97364230068495561       0.12174587239614085     
 -0.20542516655860157       0.29209270181220737     
   1.2330134041404408       -6.1627552416439288E-002
  -1.1900783928751344       0.36990403594079746     
 -0.61289714395586703      -0.35702353204938031     
  0.11707640420968224      -0.18386915049306343     
  0.79694121164199772        3.5122922658564169E-002
  0.14596152506211121       0.23908237299287888     
   1.2092556999829838        4.3788459258630334E-002
  -1.0034305929953069       0.36277672441034642     
  -4.6845388526410126E-002 -0.30102918986041688     
  0.69589852359523729       -1.4053617116363586E-002
  0.30796173723080283       0.20876956537432806     
   1.0759929633980005        9.2388524840430836E-002
 -0.52847664775121461       0.32279790184623586     
  0.93179531439926455      -0.15854300062529694     
 -0.37408249103577640       0.27953860542764508     
   1.0836258146246758      -0.11222475177014372     
 -0.75616759234335229       0.32508775730522910     
  0.52458257214327220      -0.22685028671722585     
  0.38788809484870856       0.15737477789649323     
  0.94673473770816685       0.11636643307859899     
 -0.13846287456847700       0.28402043259840759     
   1.2571796783682307       -4.1538864021149188E-002
  -1.2542398675219426       0.37715391849721885     
 -0.82521074739077815      -0.37627197520828715     
 -0.32963384762557635      -0.24756323405451214     
  0.60031490563548928       -9.8890158217214585E-002
  0.39658067007546116       0.18009447884695812     
  0.95990776356821317       0.11897420575024834     
 -0.17101785266325750       0.28797234051345622     
   1.2470263929093892       -5.1305357837668923E-002
  -1.2284100752194393       0.37410793273852982     
 -0.73847986934519405      -0.36852303720962104     
 -0.13201654860673667      -0.22154396960692427     
  0.75405631406015161       -3.9604966155780900E-002
  0.16435375271714669       0.22621690320709723     
   1.1883998854060247        4.9306127774393416E-002
 -0.92790584124016062       0.35651997978863803     
  0.15110705002604385      -0.27837176343354780     
  0.68966156031623882        4.5332116809149565E-002
  0.37944583326016484       0.20689847631627811     
   1.0053276832191071       0.11383375450139627     
 -0.30112347230740172       0.30159831695017203     
   1.1746528353077874       -9.0337045281892042E-002
  -1.0220700092799488       0.35239586459528921     
 -0.11008205591618053      -0.30662101496800864     
  0.67641370267228207       -3.3024618087134527E-002
  0.32642569679340483       0.20292411886516432     
   1.0537488916677196        9.7927712929318983E-002
 -0.45661367796432462       0.31612468006198152     
   1.0242302137671635      -0.13698410883255660     
 -0.60565062693225558       0.30726907633992467     
  0.79373133042061261      -0.18169519529959477     
  -6.3708375126785621E-002  0.23811940858819858     
   1.2324371487991534       -1.9112513297498700E-002
  -1.1455743331203305       0.36973115933154171     
 -0.46754558316554756      -0.34367231359240941     
  0.35028927034673701      -0.14026368052324195     
  0.68795272031414623       0.10508678527979461     
  0.44249627302095657       0.20638582429527938     
  0.93226169667117387       0.13274888718125361     
  -8.4007711609806857E-002  0.27967852011477762     
   1.2697983064291536       -2.5202314484392020E-002
  -1.2825451106565580       0.38093950706592150     
 -0.92195119893274213      -0.38476354848609651     
 -0.57475514671958883      -0.27658537067033739     
  0.26093376705274640      -0.17242655086749192     
  0.73225244765214337        7.8280133226396820E-002
  0.32760904008067260       0.21967574302477241     
   1.0694169891840521        9.8282715929605871E-002
 -0.50283103226126558       0.32082510950365961     
  0.96685044972491041      -0.15084931567259269     
 -0.45956900237179504       0.29005514644322866     
  0.99437001636130673      -0.13787070619002795     
 -0.52215110382961250       0.29831101676220634     
  0.91661253793981690      -0.15664533737340997     
 -0.33289527993385376       0.27498377230881799     
   1.1198368005878208       -9.9868587948577114E-002
 -0.85551680198113911       0.33595105352584115     
  0.31127847311506168      -0.25665505079289674     
  0.60769294856246125        9.3383545645247062E-002
  0.57637654682427053       0.18230789181300283     
  0.71721400651280587       0.17291297091822502     
  0.45275867958896798       0.21516421050369897     
  0.92817762467064735       0.13582760927399445     
  -7.0291554300861370E-002  0.27845329846593375     
   1.2715360349352907       -2.1087467128199037E-002
  -1.2846128719751355       0.38146082563847794     
 -0.92886145819885546      -0.38538387690631942     
 -0.59328090827418078      -0.27865844853254806     
  0.22856642928767079      -0.17798427955471380     
  0.74887606405460505        6.8569931511025403E-002
  0.28342844184242189       0.22466282814367988     
   1.1121984757556240        8.5028535931456886E-002
 -0.64675106383889847       0.33365955598512620     
  0.74805785195041830      -0.19402532686154303     
   2.2547916669591800E-002  0.22441736450267000     
   1.2237055925501970        6.7643752696696525E-003
  -1.0896731171622922       0.36711169235276653     
 -0.29523078251037072      -0.32690194813860346     
  0.55107235302112167       -8.8569238272536405E-002
  0.48627773539784658       0.16532171247563088     
  0.83426926779229926       0.14588332641623630     
  0.17147604735451488       0.25028079028295447     
   1.2091151422411424        5.1442816250508241E-002
 -0.99530034696920788       0.36273455708611840     
  -2.4137312243429909E-002 -0.29859011595566709     
  0.70059423027895185       -7.2411939607681568E-003
  0.30559363204136536       0.21017827743541959     
   1.0794358245400235        9.1678093255369589E-002
 -0.53957625798509468       0.32383076022988483     
  0.91623121371758742      -0.16187288382777865     
 -0.33714435559958911       0.27486937503760345     
   1.1157365346298924      -0.10114331069895065     
 -0.84395850161007402       0.33472097368958370     
  0.33754865725543753      -0.25318756054379155     
  0.58729770775179979       0.10126460120052483     
  0.61837857288129916       0.17618931932667420     
  0.64084044528541417       0.18551357923603679     
  0.61056652218827590       0.19225214122503767     
  0.67034408088915809       0.18316996393500290     
  0.55406431315222626       0.20110323225787158     
  0.77132107122463078       0.16621930055062920     
  0.33330864185385667       0.23139633056225292     
   1.0758638221827084        9.9992596529505637E-002
 -0.52048352530817099       0.32275915948010869     
  0.94349482577483190      -0.15614506379709842     
 -0.40240052334292659       0.28304845897978437     
   1.0563518091790796      -0.12072016179986603     
 -0.68295093785351424       0.31690555534641873     
  0.66391478954579286      -0.20488528949746387     
  0.17801873412292990       0.19917444477821888     
   1.1548075079555606        5.3405622359027655E-002
 -0.81360687844868351       0.34644226615304646     
  0.41970366821269584      -0.24408207323355485     
  0.50930629421054663       0.12591110546706635     
  0.76276104980000325       0.15279189433456813     
  0.33826572147706208       0.22882832403282127     
   1.0686351491039385       0.10147972047556025     
 -0.49729376695804500       0.32059055747030524     
  0.97436903644897144      -0.14918813601561717     
 -0.47834114024697205       0.29231072255007551     
  0.97197638297145417      -0.14350234777636237     
 -0.46613564992803047       0.29159292647829765     
  0.98739750987135655      -0.13984070053517911     
 -0.50477605679068605       0.29621926473210253     
  0.93950085629416535      -0.15143282305460531     
 -0.38715940457876469       0.28185026808797259     
   1.0720009052863890      -0.11614782598892916     
 -0.72500811589897396       0.32160028436516336     
  0.58570882153018844      -0.21750244341246244     
  0.30222081170100695       0.17571265344124978     
   1.0478402689836019        9.0666247113054904E-002
 -0.44649064773439673       0.31435209318630997     
   1.0352566400192837      -0.13394719964290230     
 -0.63440600907586431       0.31057700434700597     
  0.74711763585047009      -0.19032181028546827     
   2.8219536504379666E-002  0.22413529966147727     
   1.2230204205437327        8.4658612877169890E-003
  -1.0856246317438900       0.36690614074265937     
 -0.28310700862646321      -0.32568740246482109     
  0.56210318977929974       -8.4932105962837498E-002
  0.47272390722614699       0.16863096363458210     
  0.85577591951405507       0.14181717780315220     
  0.11652380107561747       0.25673278605586047     
   1.2377238716756263        3.4957141711757192E-002
  -1.1097873572854444       0.37131717625750621     
 -0.35296196412504927      -0.33293622041532955     
  0.49264877518832273      -0.10588859344514928     
  0.55432747036896046       0.14779463842932786     
  0.71760412358751768       0.16629824771878654     
  0.44536031053055358       0.21528124563076309     
  0.93759712168547615       0.13360809846827471     
  -9.7115588202670966E-002  0.28127914768267154     
   1.2680751354468034       -2.9134677618509318E-002
  -1.2803550080742552       0.38042255575067463     
 -0.91460993054631068      -0.38410651768529763     
 -0.55522235281681165      -0.27438299006689321     
  0.29403641178847023      -0.16656671246380972     
  0.71239291355708123        8.8210927041728240E-002
  0.37770581054067270       0.21371788255950969     
   1.0139915349181681       0.11331174766480595     
 -0.32613859386148386       0.30419747256317148     
   1.1552845397308193       -9.7841582046320166E-002
 -0.96639686506248446       0.34658537569131070     
   3.9093336834130910E-002 -0.28991907103909370     
  0.70794132441858593        1.1728001516268164E-002
  0.31007472711799433       0.21238240576489401     
   1.0777775371009832        9.3022421831777086E-002
 -0.53322373774466103       0.32333327397840445     
  0.92527470446515969      -0.15996712767992061     
 -0.35855369748043664       0.27758242236968195     
   1.0975973698671597      -0.10756611351842414     
 -0.79417406567069049       0.32927922404452820     
  0.44628181386440485      -0.23825222916849975     
  0.48291333523947777       0.13388454947941525     
  0.80739714994649980       0.14487400632861888     
  0.23222780103246851       0.24221915460887400     
   1.1667175036933335        6.9668343078111677E-002
 -0.83605325126180763       0.35001526501635655     
  0.37143622715784358      -0.25081598534507371     
  0.55603319876091062       0.11143087257521794     
  0.67858879457246823       0.16680996625670544     
  0.52213412426842809       0.20357664646114929     
  0.82190299174523140       0.15664024350485223     
  0.21090592063494534       0.24657090732141659     
   1.1842970780795101        6.3271778704678094E-002
 -0.90031158466242744       0.35528913754177438     
  0.22050382759873366      -0.27009348613127865     
  0.66183580184798974        6.6151150908230566E-002
  0.45291388130071908       0.19855074844409448     
  0.91136737590996364       0.13587416978936992     
  -2.6952501830027648E-002  0.27341022363733486     
   1.2723932113577978       -8.0857508703071537E-003
  -1.2746639903038823       0.38171797857544842     
 -0.89295758613543919      -0.38239921228634355     
 -0.49872174416704618      -0.26788728648551569     
  0.38389999009748282      -0.14961652919534033     
  0.64405259096286738       0.11517000160568935     
  0.53444477559900561       0.19321578496656538     
  0.79333208634544428       0.16033343905077987     
  0.27920733514096663       0.23799963536088872     
   1.1288602068243940        8.3762203870700797E-002
 -0.70029327891927406       0.33865807550438054     
  0.65208314009737067      -0.21008799202392864     
  0.19461462787497946       0.19562494980264800     
   1.1426001559695713        5.8384390682480990E-002
 -0.76936474118150033       0.34278006041172671     
  0.51408912756166159      -0.23080943152599251     
  0.39918789126716114       0.15422674439691844     
  0.93113538664808970       0.11975637213883883     
  -9.4061958765560227E-002  0.27934062709442570     
   1.2669539143838306       -2.8218588750973998E-002
  -1.2754596601222010       0.38008618941841682     
 -0.89743005423436850      -0.38263791324132429     
 -0.51017087717989407      -0.26922902696851048     
  0.36638692574540943      -0.15305126923567899     
  0.65901360286479616       0.10991608209129534     
  0.50189759218061369       0.19770408871549319     
  0.84504242446990896       0.15056928363726965     
  0.15083392184708724       0.25351273741466340     
   1.2216615171854039        4.5250178352206641E-002
  -1.0441893936652891       0.36649846971896133     
 -0.15996559006582783      -0.31325683054729431     
  0.65091858405564285       -4.7989678926686784E-002
  0.35883732687838515       0.19527558297624706     
   1.0150056680205104       0.10765120234118983     
 -0.33467988165532547       0.30450171250596358     
   1.1476868427177531      -0.10040396848629274     
 -0.94446306160857540       0.34430606649681927     
   9.5491423123745034E-002 -0.28333892974144970     
  0.70389501382967756        2.8647428075469980E-002
  0.33499197319635737       0.21116851253998573     
   1.0540610442671254       0.10049759595232273     
 -0.45496493661641207       0.31621832584552445     
   1.0264279998100982      -0.13648948640852832     
 -0.61146567560165577       0.30792841217900474     
  0.78448203967865848      -0.18343970996973560     
  -4.5016594106912083E-002  0.23534462125535222     
   1.2325075300606865       -1.3504978768713245E-002
  -1.1402096788699587       0.36975227371084063     
 -0.45035705179710972      -0.34206291725334620     
  0.37398702383755617      -0.13510712090780733     
  0.66908007082844312       0.11219611160953959     
  0.48546072463106749       0.20072402922458893     
  0.87078307362040031       0.14563822317646305     
   8.4069815429557632E-002  0.26123493246666324     
   1.2513401052222672        2.5220945631057586E-002
  -1.1669718995488649       0.37540204648381664     
 -0.53115070111914364      -0.35009158377604860     
  0.25493892873114071      -0.15934521666755286     
  0.74966338454640713        7.6481681658451067E-002
  0.28968842887605650       0.22489902430060610     
   1.1074118861468509        8.6906532116172136E-002
 -0.62999895845615739       0.33222357904543370     
  0.77656542579005539      -0.18899969504702005     
  -3.3275085414581546E-002  0.23296963699439788     
   1.2314195131877095       -9.9825260210443922E-003
  -1.1329341143106313       0.36942586863597737     
 -0.42752969107839178      -0.33988024779881648     
  0.40422546510401819      -0.12825891242006862     
  0.64298357418166496       0.12126764434994851     
  0.54246862687243713       0.19289507991946100     
  0.78091399133824280       0.16274059452846110     
  0.30898328245290652       0.23427420671069304     
   1.1006152726173695        9.2694988419239718E-002
 -0.60320055234587999       0.33018459490556729     
  0.82079333468992433      -0.18096017289447494     
 -0.12414253441214337       0.24623801019159633     
   1.2246620941686537       -3.7242761803537347E-002
  -1.1369588688965580       0.36739864284970591     
 -0.44234698371806591      -0.34108767422257330     
  0.38497313483632417      -0.13270410038860675     
  0.65980986278087017       0.11549194504013464     
  0.50600327838758996       0.19794296669980754     
  0.83948792796967631       0.15180098954830612     
  0.16516503266106797       0.25184638839837886     
   1.2136551058292682        4.9549511767241011E-002
  -1.0125926553823195       0.36409654621667675     
  -7.1384869365123560E-002 -0.30377780868574095     
  0.68908807203176625       -2.1415461660511025E-002
  0.31380523023757401       0.20672642982409983     
   1.0688632206376569        9.4141572812122057E-002
 -0.50531441815397049       0.32065897893313960     
  0.96317925934898296      -0.15159433147000842     
 -0.45039430924765378       0.28895378928668641     
   1.0049567467993876      -0.13511829814341469     
 -0.54903156217726679       0.30148703601983429     
  0.87947712443308645      -0.16470947519814627     
 -0.24758147411847264       0.26384314781411028     
   1.1780279284181885       -7.4274445186942956E-002
  -1.0171241322869575       0.35340839256864381     
  -9.4949683438659560E-002 -0.30513725181115176     
  0.68224112906465084       -2.8484906163486298E-002
  0.31988096347140360       0.20467234685234328     
   1.0614189861839827        9.5964292854699318E-002
 -0.48129005020938598       0.31842570850829510     
  0.99412955662825120      -0.14438702080024030     
 -0.52799800274412201       0.29823887883942318     
  0.90794423822360693      -0.15839940711746328     
 -0.31250722307594825       0.27238328229062081     
   1.1356582143545382       -9.3752170648160882E-002
 -0.89935955166216341       0.34069747784446236     
  0.20831085269653726      -0.26980787621985036     
  0.66944134892310736        6.2493258292220057E-002
  0.43508086146980429       0.20083241265729496     
  0.93581891874621803       0.13052426362750932     
  -9.5535583649492356E-002  0.28074568677969625     
   1.2679678201567532       -2.8660676233720612E-002
  -1.2794999880364510       0.38039036116238029     
 -0.91157790694502161      -0.38385001166376376     
 -0.54721398445416614      -0.27347338295036194     
  0.30730622149383291      -0.16416420185954889     
  0.70362384111566389        9.2191870111525506E-002
  0.39907076821440224       0.21108716072254899     
  0.98812669525901675       0.11972123522161494     
 -0.24723085373623743       0.29643802035709316     
   1.2108656887595730       -7.4169259068092672E-002
  -1.1268432268125359       0.36325972106251575     
 -0.41442616960227679      -0.33805298147677881     
  0.42149835254633644      -0.12432785582102797     
  0.62694694273575102       0.12644951078855285     
  0.57616206355190525       0.18808409029451528     
  0.72333628534217786       0.17284862593395861     
  0.44034710403871652       0.21700089422549382     
  0.94553309799916507       0.13210413646096150     
 -0.11954181740029282       0.28365994067138239     
   1.2636535964617774       -3.5862546645137355E-002
  -1.2714110851650706       0.37909609400245797     
 -0.88398447393038060      -0.38142334070592243     
 -0.47542329228517444      -0.26519535271703026     
  0.41836642308569655      -0.14262699335303963     
  0.61233036126828377       0.12550993191302537     
  0.60058208098916788       0.18369911568003186     
  0.67872075387237107       0.18017463145624668     
  0.53524803600736970       0.20361623425269321     
  0.80252959701351290       0.16057441718286472     
  0.25889917682256280       0.24075888867095219     
   1.1469185930058821        7.7669756133087534E-002
 -0.76392137508043090       0.34407559157409967     
  0.52706939126094565      -0.22917642163078170     
  0.38190058450668019       0.15812082366144045     
  0.95393354811356756       0.11457017990461379     
 -0.15941469830270885       0.28618007580584431     
   1.2506018119628175       -4.7824411391183951E-002
  -1.2374312230209565       0.37518055849718063     
 -0.76854984938530380      -0.37122938165761665     
 -0.19816578696121578      -0.23056496397741930     
  0.71445748618810168       -5.9449738450685005E-002
  0.22592097432106939       0.21433725437342743     
   1.1428808542968689        6.7776294989508698E-002
 -0.76087097983449059       0.34286426991326213     
  0.53236977657988449      -0.22826130302063607     
  0.37495409311456307       0.15971093932030764     
  0.96288414195153793       0.11248623240417002     
 -0.18551796464139911       0.28886525406393482     
   1.2406815735979357       -5.5655391603966209E-002
  -1.2106624287960444       0.37220448686945762     
 -0.67978040128311967      -0.36319874307103411     
  -1.0140683609773216E-002 -0.20393412848854978     
  0.79592190466419910       -3.0422052038183334E-003
  0.11006946024579926       0.23877658088738821     
   1.2218151806659170        3.3020839385869992E-002
  -1.0569443950101960       0.36654456876494707     
 -0.19743944040142042      -0.31708333110281783     
  0.62834140415015693       -5.9231834474087669E-002
  0.38803008670183869       0.18850242873546033     
  0.97770814486509461       0.11640903063623070     
 -0.22186944972278505       0.29331245511471771     
   1.2243959824799502       -6.6560837561725469E-002
  -1.1653645324975705       0.36731880933992256     
 -0.53398544932565184      -0.34960937364149897     
  0.25119398902865381      -0.16019564116329815     
  0.75146657216730706        7.5358199703061846E-002
  0.28477540044777133       0.22543998060837173     
   1.1119041423616116        8.5432623529118720E-002
 -0.64543049751573300       0.33357125596341375     
  0.75035852792269819      -0.19362915694885099     
   1.8117767878173069E-002  0.22510756732178017     
   1.2246480124115640        5.4353305794325440E-003
  -1.0942324896884688       0.36739441832241115     
 -0.30888819121642053      -0.32826975995080837     
  0.53815356178185625       -9.2666461047160337E-002
  0.50188058737576491       0.16144607494984725     
  0.80880830737673293       0.15056418219561229     
  0.23472496847799951       0.24264250185476624     
   1.1655083680105558        7.0417493341539530E-002
 -0.83135613253512886       0.34965252429710919     
  0.38203831403020788      -0.24940684967107604     
  0.54625857106685993       0.11461149876331396     
  0.69685370882807618       0.16387757783196760     
  0.48403046129927191       0.20905612095556642     
  0.88105644408954742       0.14520914415987432     
   5.8444521926960841E-002  0.26431694372987552     
   1.2595348768107342        1.7533357274801247E-002
  -1.2034659531654890       0.37786047805804601     
 -0.64980190801099502      -0.36103980029607885     
   4.7820682254345770E-002 -0.19494058014954088     
  0.80185787519320162        1.4346205246370687E-002
  0.11417974776301580       0.24055737211685124     
   1.2223055517087618        3.4253925690033403E-002
  -1.0573892451227798       0.36669168008364617     
 -0.19860911524129055      -0.31721678614189602     
  0.62755940187886039       -5.9582736939992317E-002
  0.38905414840849156       0.18826782804474917     
  0.97635944910212824       0.11671624916043433     
 -0.21787261150306825       0.29290784636975009     
   1.2264519827210529       -6.5361786048164394E-002
  -1.1712200024741748       0.36793560943676284     
 -0.55252316973186699      -0.35136601470428286     
  0.22123939824743444      -0.16575695750614955     
  0.76571742378919305        6.6371822111609483E-002
  0.24551939375854109       0.22971523626482093     
   1.1453235559058166        7.3655821054381579E-002
 -0.76281661446852045       0.34359708042506570     
  0.52895223206548359      -0.22884499343403880     
  0.37944836390680564       0.15868567592524704     
  0.95711219413785087       0.11383451369541868     
 -0.16865471749823907       0.28713366965102172     
   1.2473114911010144       -5.0596417259992629E-002
  -1.2286967183328554       0.37419346219941596     
 -0.73938037770533482      -0.36860903014706292     
 -0.13396569722307328      -0.22181412212570140     
  0.75306034705673408       -4.0189710763917544E-002
  0.16587046192390498       0.22591811309419912     
   1.1873998995557709        4.9761140554501489E-002
 -0.92412475588149801       0.35621998402164112     
  0.16061081417649081      -0.27723743778087495     
  0.68664839575153624        4.8183246167577347E-002
  0.38810283026525844       0.20599452691094761     
  0.99512120089823330       0.11643085370612380     
 -0.26994180895208886       0.29853637213223910     
   1.1965203615611051       -8.0982545903583780E-002
  -1.0853078776525709       0.35895612273196575     
 -0.29009431419749099      -0.32559237623364934     
  0.55659103019115763       -8.7028297717441000E-002
  0.47926070482365757       0.16697731569242941     
  0.84541016870538876       0.14377821716033010     
  0.14317253950988015       0.25362306068969120     
   1.2249253346808191        4.2951763559713717E-002
  -1.0576671064270431       0.36747761500649362     
 -0.19864594954743614      -0.31730014453648736     
  0.62745555782407392       -5.9593787232275097E-002
  0.38922555429222810       0.18823667482707529     
  0.97614153347930499       0.11676767092759861     
 -0.21722551709129317       0.29284247168030536     
   1.2267807774195176       -6.5167657716917904E-002
  -1.1721551280195852       0.36803424785022176     
 -0.55549242119196796      -0.35164655237905357     
  0.21635289297547161      -0.16664773297957608     
  0.76782026411802917        6.4905870471768948E-002
  0.23953874334129549       0.23034608838853957     
   1.1500157563704192        7.1861625857912989E-002
 -0.77968907847068425       0.34500474062038189     
  0.49392367239315560      -0.23390673283582339     
  0.42454844117017265       0.14817710760597569     
  0.89583918144323205       0.12736453741206361     
   3.8255819333861685E-003  0.26875176511220483     
   1.2687312760045730        1.1476746256203409E-003
  -1.2524029579937093       0.38061939792582733     
 -0.81529900154585444      -0.37572090232791944     
 -0.30631833317027335      -0.24458971018287781     
  0.62404700232352528       -9.1895503602681089E-002
  0.36289598012959567       0.18721410813627756     
   1.0028432219241872       0.10886879836493590     
 -0.29910351652043654       0.30085297853207893     
   1.1756049016321937       -8.9731058521722737E-002
  -1.0245966642094531       0.35268148450396059     
 -0.11703614449969096      -0.30737901147697994     
  0.67344454608249937       -3.5110844745086855E-002
  0.32995058676028366       0.20203337185283440     
   1.0496190288635976        9.8985179961402603E-002
 -0.44339494182560640       0.31488572117151314     
   1.0396470216476543      -0.13301848783336151     
 -0.64623076353268316       0.31189411888785457     
  0.72723424921410451      -0.19386923676347598     
   6.5713261323756017E-002  0.21817028343353917     
   1.2121247577371679        1.9713979180489925E-002
  -1.0372309854370889       0.36363744177080348     
 -0.14254989659009087      -0.31116930799588355     
  0.66038203026361053       -4.2764970676354451E-002
  0.34668884346806184       0.19811461695145041     
   1.0298442039577673       0.10400665717327162     
 -0.38080403573612309       0.30895327346402979     
   1.1059368778352927      -0.11424121526037478     
 -0.82657611495798988       0.33178107653438277     
  0.37526178947714756      -0.24797284434095210     
  0.55487718411826448       0.11257854131661339     
  0.68153438342023165       0.16646316185013083     
  0.51617841082682081       0.20446032315059245     
  0.83144411697783760       0.15485352940137240     
  0.18703449836335403       0.24943324500493752     
   1.2004585808297270        5.6110351738631180E-002
 -0.96143073990565919       0.36013758855949957     
   6.6048915907938099E-002 -0.28842923343284532     
  0.70546332366150444        1.9814675559745865E-002
  0.32306478598117477       0.21163900550822951     
   1.0655198096791374        9.6919439645584790E-002
 -0.49254598403211114       0.31965595560572718     
  0.98001379644917375      -0.14776380108123902     
 -0.49236163590588555       0.29400415061742696     
  0.95461618368048184      -0.14770849664117375     
 -0.42351735631684045       0.28638486648405626     
   1.0352711392182496      -0.12705521194377245     
 -0.62755605076794851       0.31058135410686860     
  0.75922412789877680      -0.18826682271143566     
   4.7434040943971356E-003  0.22776724742028992     
   1.2277357475854624        1.4230212848649240E-003
  -1.1088460350363949       0.36832073891138933     
 -0.35303457295641133      -0.33265382372939328     
  0.49285940565857683      -0.10591037609542346     
  0.55401507845143583       0.14785782757291502     
  0.71815204487859019       0.16620453013980513     
  0.44416523904744037       0.21544562202461656     
